0.39200000000524204413210327402339
0.39199999999980333909022078842099
0.39200000000696705315661461099808
0.39200000000117724008319441963977
0.39199999999963269781133590186073
0.39199999999966245178839585605601
0.39200000000373680375531648678589
0.39200000000281887135855640735826
0.39200000000014956214045014348812
0.39199999999979601161825826238783
0.39200000000049639581334304239135
0.39200000000020979173953605823044
0.39200000000038520697742683296383
0.39200000000076451467379001769586
0.39200000000055862381387328241544
0.39200000000015372547679248782515
0.39200000000004736611103339782858
0.3920000000009603580153338953096
0.39200000000020973622838482697261
0.39200000000037615865977613793802
0.65617769800758884990443675633287
0.15382239971969050018607561014505
0.15382239971917249787836112773221
0.15382239971956274127151687025616
0.15382239971969918768124330199498
0.15382239971966818470328064449859
0.15382239971937541889168699071888
0.15382239971946329304408607185906
0.15382239971967215375059367943322
0.15382239971973160619356235656596
0.65617769800880842989698749079253
0.65617769800904723886958436196437
0.65617769800899650167735899231047
0.65617769800891234677209240544471
0.65617769800873049224065880480339
0.65617769800892566944838790732319
0.65617769800903191779184453480411
0.65617769800860004103526534890989
0.65617769800899483634282205457566
0.65617769800881087238764166613691
0.30582926552824390986629055078083
-1.3046106663098988587279336570646
-1.3046106663141718851051109595574
-1.3046106663066852071608536789427
-1.3046106663107550627245245777885
-1.3046106663107117640265641966835
-1.3046106663027143834909793440602
-1.3046106663040013540211248255218
-1.304610666313086975165447256586
-1.3046106663101020295414400607115
0.30582926552072098314027925880509
0.30582926552167105649360223651456
0.30582926552076838966343075298937
0.30582926552005029741110320173902
0.305829265522397142351707088892
0.30582926552302086564694150183641
0.30582926552284617205401673345477
0.30582926552109424012115823643398
0.30582926552101857842203003201575
0.30582926552309525058959138732462
1.2944969511843229525993592687882
0.32747798787010645726880397887726
0.39200000000377677178420299242134
0.39200000000046986148305450115004
0.39200000002927332110047586866131
0.39200000000170676095478938805172
0.39200000000235668551340495469049
0.39200000000157136925693635021162
0.3919999999999058681865449216275
0.39200000000099638475248298163933
0.39199999999994183941254277669941
0.39200000000292256618905639697914
0.39199999999131585060041516044294
0.39199999999279433460230848140782
0.39200000003943941129236350207066
0.39200000001150564488128225093533
0.39200000004982771262262986056157
0.39199999999210394241444532781316
0.39200000000683704604043100516719
0.39199999999385848337141169395181
0.39200000003725593566983320670261
0.39200000004812479703630856420205
0.83819013334776470980358453743975
0.83819013336736036823282347540953
3.7933679779093574246928710635984
0.8381901333518131380628801707644
0.83819013342598613913736471658922
0.83819013335288050647875479626236
0.8381901333874184345518187910784
0.8381901334117259905198693559214
0.8381901333919815622053306469752
0.83819013334406722304237291609752
3.7933679778073163824103630759055
3.7933679778351669931168999028159
3.7933679775329611771894633420743
3.7933679776465583088906896591652
3.7933679774966786446555033762706
3.7933679778272231253311019827379
3.7933679778849973551757557288511
3.7933679778435025475857855781214
3.7933679775409707701783190714195
3.7933679775024766733793057937874
-0.79868391253360804249439297564095
-0.79868391253454351641494213254191
0.17647878604776659483555079077632
-0.7986839125340309264444726977672
-0.79868391253330439649715799532714
-0.79868391253409443120148125672131
-0.79868391253461690215686985538923
-0.79868391253389192652178962816834
-0.79868391253453296929620819355478
-0.79868391253384596328857014668756
0.1764787860498258365016255311275
0.1764787860497676885707107885537
0.17647878604553926540354780172493
0.176478786047837621353551185166
0.17647878604475983332910971057572
0.17647878604975764105233793088701
0.17647878604888742049006111756171
0.17647878604972264127148662282707
0.17647878604577715844214935714263
0.17647878604489025677892755084031
0.038960514099414686461919643534202
0.87887022789838065151002410857473
